426856909719470090 1609109876.1900096
182362961707270145 1609109932.4599996
247939515035942923 1609110354.2073731
95923988462571520 1609112554.571717
140154186871341056 1609112738.6259098
480688034757476353 1609113031.2013705
326701938726928386 1609113877.3852892
103677189223890944 1609114090.5848525
230783214732443648 1609114849.468417
288422521869565965 1609116999.363268
140937372324986880 1609117150.0301912
610923816788688907 1609117247.0552704
197722897802854402 1609119249.4877474
467025677749846017 1609119372.822116
712123825252204566 1609119458.0051916
716084507551465482 1609120354.498227
454070421554462720 1609122096.0068688
322261350623739904 1609124245.0223064
326830505720807435 1609124300.0152483
326830505720807435 1609124332.3530338
326830505720807435 1609124370.6591973
365145758283988992 1609124393.7835948
225653665149616129 1609124399.3976433
374177347827662848 1609124431.3215275
481804384062406668 1609124436.2224529
262551798982639616 1609124488.2692945
278523953071390720 1609124490.413483
264054628549787648 1609124501.1029634
281074023146717184 1609124503.5749993
259719414750904320 1609124513.0376651
681126107789131828 1609124515.67966
234567655242203136 1609124526.163835
497670255250898945 1609124527.9412344
646142638008959026 1609124536.9627268
353142636279889931 1609124539.185087
229570910271569921 1609124544.7230651
551072893799235585 1609124606.5916688
466277776450781195 1609124622.101891
129159375188131841 1609124652.7634606
746264721547853825 1609124773.934503
312589390524186624 1609124794.698317
635254432300269600 1609124806.214127
688941744259203099 1609124820.2007756
745778577626103820 1609124823.91983
264013937660395520 1609124831.626045
518949355802066944 1609125096.5896297
732646355641565264 1609126630.2398453
699828183222190141 1609126725.7214246
362339677539270656 1609127776.1745703
764505170544689163 1609127922.236119
263495970065612801 1609130566.9801226
211873934004584448 1609131593.7211454
530179411228622888 1609133722.2002466
543958989482885160 1609135008.500926
473029649560240140 1609136078.539121
780135011210493982 1609136977.2327862
422238780746104837 1609139518.4622757
598341671238893570 1609141504.188808
339167296431849479 1609154925.561934
476563193913802754 1609155390.9138515
289448580996005888 1609175659.5637047
378706484462223372 1609177300.4870012
554741248900988946 1609189403.3217688
432533500873146368 1609191418.6630113
371445842772754435 1609192010.2047253
564888953774276634 1609192765.2914371
792866174970101760 1609192848.1275754
290543827469598720 1609193100.0946057
410271509224095754 1609194153.3556182
789527643006828554 1609194214.68418
344944419339763714 1609194855.9851182
743386310491766824 1609195740.5199003
179590782456430596 1609195787.187561
